0 265 38 238 72 155 49 93 180 348 66 120 226 188 164 112 209 216 329 299 21 13 246 83 184 145 326 284 132 270 346 314
265 0 249 41 215 128 232 190 111 111 225 167 55 89 119 181 82 59 92 62 256 268 29 208 103 148 89 47 163 33 109 77
 38 249 0 222 56 139 33 77 164 332 50 104 210 172 148 96 193 200 313 283 29 41 230 67 168 129 310 268 116 254 330 298
238 41 222 0 188 101 205 163 84 124 198 140 28 62 92 154 55 32 105 75 229 241 22 181 76 121 102 60 136 46 122 90
 72 215 56 188 0 105 39 43 130 298 32 70 176 138 114 62 159 166 279 249 63 75 196 33 134 95 276 234 82 220 296 264
155 128 139 101 105 0 122 80 43 211 115 57 89 51 27 71 72 79 192 162 146 158 109 98 47 38 189 147 53 133 209 177
 49 232 33 205 39 122 0 60 147 315 33 87 193 155 131 79 176 183 296 266 40 52 213 50 151 112 293 251 99 237 313 281
 93 190 77 163 43 80 60 0 105 273 53 45 151 113 89 37 134 141 254 224 84 96 171 36 109 70 251 209 57 195 271 239
180 111 164 84 130 43 147 105 0 194 140 82 72 34 34 96 55 62 175 145 171 183 92 123 30 63 172 130 78 116 192 160
348 111 332 124 298 211 315 273 194 0 308 250 138 172 202 264 165 142 33 75 339 351 112 291 186 231 48 88 246 90 28 60
 66 225 50 198 32 115 33 53 140 308 0 80 186 148 124 72 169 176 289 259 57 69 206 43 144 105 286 244 92 230 306 274
120 167 104 140 70 57 87 45 82 250 80 0 128 90 66 36 111 118 231 201 111 123 148 63 86 47 228 186 34 172 248 216
226 55 210 28 176 89 193 151 72 138 186 128 0 50 80 142 43 20 119 89 217 229 36 169 64 109 116 74 124 60 136 104
188 89 172 62 138 51 155 113 34 172 148 90 50 0 42 104 33 40 153 123 179 191 70 131 26 71 150 108 86 94 170 138
164 119 148 92 114 27 131 89 34 202 124 66 80 42 0 80 63 70 183 153 155 167 100 107 38 47 180 138 62 124 200 168
112 181 96 154 62 71 79 37 96 264 72 36 142 104 80 0 125 132 245 215 103 115 162 55 100 61 242 200 48 186 262 230
209 82 193 55 159 72 176 134 55 165 169 111 43 33 63 125 0 33 146 116 200 212 63 152 47 92 143 101 107 87 163 131
216 59 200 32 166 79 183 141 62 142 176 118 20 40 70 132 33 0 123 93 207 219 40 159 54 99 120 78 114 64 140 108
329 92 313 105 279 192 296 254 175 33 289 231 119 153 183 245 146 123 0 56 320 332 93 272 167 212 29 69 227 71 31 41
299 62 283 75 249 162 266 224 145 75 259 201 89 123 153 215 116 93 56 0 290 302 63 242 137 182 53 39 197 41 73 41
 21 256 29 229 63 146 40 84 171 339 57 111 217 179 155 103 200 207 320 290 0 24 237 74 175 136 317 275 123 261 337 305
 13 268 41 241 75 158 52 96 183 351 69 123 229 191 167 115 212 219 332 302 24 0 249 86 187 148 329 287 135 273 349 317
246 29 230 22 196 109 213 171 92 112 206 148 36 70 100 162 63 40 93 63 237 249 0 189 84 129 90 48 144 34 110 78
 83 208 67 181 33 98 50 36 123 291 43 63 169 131 107 55 152 159 272 242 74 86 189 0 127 88 269 227 75 213 289 257
184 103 168 76 134 47 151 109 30 186 144 86 64 26 38 100 47 54 167 137 175 187 84 127 0 67 164 122 82 108 184 152
145 148 129 121 95 38 112 70 63 231 105 47 109 71 47 61 92 99 212 182 136 148 129 88 67 0 209 167 43 153 229 197
326 89 310 102 276 189 293 251 172 48 286 228 116 150 180 242 143 120 29 53 317 329 90 269 164 209 0 66 224 68 46 38
284 47 268 60 234 147 251 209 130 88 244 186 74 108 138 200 101 78 69 39 275 287 48 227 122 167 66 0 182 26 86 54
132 163 116 136 82 53 99 57 78 246 92 34 124 86 62 48 107 114 227 197 123 135 144 75 82 43 224 182 0 168 244 212
270 33 254 46 220 133 237 195 116 90 230 172 60 94 124 186 87 64 71 41 261 273 34 213 108 153 68 26 168 0 88 56
346 109 330 122 296 209 313 271 192 28 306 248 136 170 200 262 163 140 31 73 337 349 110 289 184 229 46 86 244 88 0 58
314 77 298 90 264 177 281 239 160 60 274 216 104 138 168 230 131 108 41 41 305 317 78 257 152 197 38 54 212 56 58 0
